1 117.466274
3 116.778869
5 116.509286
6 105.958925
7 104.835820
16 102.694710
20 100.027146
21 99.872841
24 98.005148
26 95.884390
34 94.445283
41 94.238262
43 90.060763
53 88.056564
54 82.026233
60 82.020344
73 81.316140
96 79.768698
98 79.009101
111 78.423061
119 75.514135
145 74.274090
168 73.191724
173 73.162664
181 72.957004
190 71.843684
196 71.283875
212 70.681407
217 70.339082
222 67.927256
236 66.273697
283 64.564190
333 64.318838
363 64.198230
380 62.962162
400 61.214098
419 60.545599
444 60.304130
473 59.718343
477 58.074634
592 56.235540
647 55.822174
730 54.659897
812 54.373825
888 53.315903
956 53.054672
984 52.980881
